0
2459
1 0
2 318
3 3706
4 4378
5 5040
6 5823
7 6234
8 7084
9 7349
10 7493
11 7819
12 7862
13 7962
14 8012
15 8029
16 8041
17 8057
18 8082
19 8097
20 8111
21 8128
22 8138
23 8149
24 8216
25 8230
26 8244
27 8254
28 8282
29 8298
30 8310
31 8322
32 8376
33 8488
34 8548
35 8586
36 8701
37 8749
38 8785
39 8801
40 8948
41 8996
42 9131
43 9155
44 9263
45 9299
46 9326
47 12179
48 12466
49 12492
50 12535
51 12573
52 12872
53 13306
54 13821
55 14110
56 14154
57 14609
58 14651
59 14747
60 14797
61 14893
62 14920
63 14980
64 15006
65 15035
66 15059
67 15095
68 15161
69 15212
70 15235
71 15257
72 15273
73 15355
74 15481
75 15510
76 15532
77 15591
78 15619
79 15643
80 15670
81 15688
82 15710
83 15725
84 15771
85 15792
86 15817
87 15856
88 15874
89 15894
90 15916
91 15957
92 16002
93 16028
94 16053
95 16110
96 16159
97 16179
98 16230
99 16278
100 16314
101 16343
102 16372
103 16394
104 16421
105 16476
106 16530
107 16559
108 16588
109 16596
110 16844
111 16883
112 16986
113 17006
114 17033
115 17215
116 17244
117 17283
118 17315
119 17416
120 17480
121 17506
122 17576
123 17636
124 17919
125 18129
126 18415
127 18466
128 19780
129 19809
130 19834
131 19854
132 19873
133 19903
134 19931
135 19966
136 19980
137 19995
138 20005
139 20033
140 20277
141 20295
142 20320
143 20343
144 20524
145 20553
146 20738
147 20753
148 20767
149 20781
150 20794
151 20808
152 20826
153 20843
154 20899
155 20982
156 20996
157 21210
158 21228
159 21258
160 21313
161 21349
162 21383
163 21403
164 21416
165 21460
166 21491
167 21504
168 21645
169 21708
170 21752
171 21840
172 21885
173 21902
174 22005
175 22042
176 22072
177 22178
178 22520
179 22908
180 22930
181 23012
182 23033
183 23061
184 23086
185 23275
186 23304
187 23411
188 23473
189 23530
190 23659
191 23712
192 23770
193 23790
194 23814
195 23880
196 23905
197 23917
198 23929
199 23946
200 23979
201 23991
202 24047
203 24064
204 24122
205 24139
206 24154
207 24179
208 24189
209 24240
210 24258
211 24266
212 24275
213 24310
214 24341
215 24360
216 24410
217 24424
218 24437
219 24458
220 24475
221 24502
222 24518
223 24527
224 24539
225 24565
226 24580
227 24596
228 24611
229 24622
230 24638
231 24648
232 24660
233 24675
234 24686
235 24734
236 24763
237 24776
238 24794
239 24817
240 24830
241 24841
242 24859
243 24871
244 24883
245 24905
246 24917
247 24933
248 24944
249 24952
250 24978
251 25030
252 25067
253 25083
254 25093
255 25106
256 25124
257 25129
258 25141
259 25151
260 25161
261 25212
262 25228
263 25241
264 25256
265 25269
266 25285
267 25297
268 25306
269 25317
270 25328
271 25344
272 25361
273 25376
274 25388
275 25402
276 25413
277 25422
278 25441
279 25458
280 25474
281 25488
282 25500
283 25523
284 25535
285 25543
286 25556
287 25570
288 25606
289 25618
290 25630
291 25646
292 25656
293 25667
294 25676
295 25687
296 25702
297 25717
298 25728
299 25738
300 25749
301 25763
302 25774
303 25791
304 25804
305 25837
306 25847
307 25858
308 25870
309 25884
310 25899
311 25910
312 25920
313 25931
314 25948
315 25958
316 25971
317 25986
318 25998
319 26006
320 26020
321 26035
322 26049
323 26058
324 26071
325 26085
326 26133
327 26153
328 26168
329 26189
330 26199
331 26228
332 26283
333 26295
334 26307
335 26317
336 26328
337 26339
338 26398
339 26411
340 26434
341 26446
342 26473
343 26488
344 26552
345 26579
346 26591
347 26602
348 26610
349 26624
350 26644
351 26656
352 26674
353 26681
354 26728
355 26748
356 26764
357 26779
358 26792
359 26805
360 26856
361 26873
362 26888
363 26900
364 26908
365 26938
366 26954
367 26968
368 26978
369 26993
370 26998
371 27049
372 27064
373 27080
374 27090
375 27102
376 27137
377 27167
378 27180
379 27192
380 27205
381 27252
382 27280
383 27298
384 27317
385 27329
386 27352
387 27369
388 27385
389 27396
390 27406
391 27434
392 27445
393 27461
394 27484
395 27518
396 27530
397 27537
398 27544
399 27572
400 27584
401 27594
402 27610
403 27617
404 27633
405 27648
406 27670
407 27696
408 27707
409 27717
410 27728
411 27737
412 27755
413 27763
414 27773
415 27782
416 27809
417 27821
418 27837
419 27847
420 27858
421 27869
422 27878
423 27891
424 27986
425 28013
426 28025
427 28037
428 28053
429 28079
430 28096
431 28116
432 28128
433 28140
434 28160
435 28205
436 28217
437 28237
438 28261
439 28278
440 28304
441 28357
442 28370
443 28382
444 28394
445 28437
446 28454
447 28463
448 28473
449 28498
450 28509
451 28518
452 28541
453 28547
454 28573
455 28600
456 28619
457 28632
458 28643
459 28670
460 28692
461 28703
462 28752
463 28769
464 28782
465 28792
466 28836
467 28851
468 28865
469 28888
470 28918
471 28975
472 28990
473 29004
474 29015
475 29069
476 29109
477 29133
478 29145
479 29167
480 29199
481 29224
482 29234
483 29243
484 29271
485 29303
486 29320
487 29336
488 29359
489 29371
490 29382
491 29415
492 29436
493 29448
494 29468
495 29484
496 29495
497 29503
498 29519
499 29528
500 29535
501 29551
502 29578
503 29627
504 29645
505 29659
506 29673
507 29711
508 29728
509 29763
510 29776
511 29792
512 29813
513 29828
514 29851
515 29863
516 29880
517 29899
518 29913
519 29929
520 29941
521 29954
522 30014
523 30032
524 30045
525 30057
526 30069
527 30078
528 30104
529 30138
530 30154
531 30168
532 30190
533 30233
534 30283
535 30298
536 30312
537 30323
538 30338
539 30352
540 30361
541 30372
542 30387
543 30395
544 30420
545 30444
546 30459
547 30474
548 30493
549 30520
550 30537
551 30553
552 30566
553 30581
554 30603
555 30613
556 30621
557 30637
558 30661
559 30675
560 30699
561 30716
562 30738
563 30751
564 30764
565 30775
566 30789
567 30801
568 30814
569 30864
570 30877
571 30888
572 30894
573 30905
574 30916
575 30933
576 30947
577 30975
578 30985
579 31004
580 31010
581 31022
582 31046
583 31053
584 31073
585 31087
586 31098
587 31127
588 31147
589 31156
590 31166
591 31181
592 31189
593 31219
594 31230
595 31242
596 31264
597 31303
598 31323
599 31346
600 31359
601 31389
602 31403
603 31451
604 31471
605 31497
606 31513
607 31522
608 31530
609 31542
610 31550
611 31559
612 31582
613 31615
614 31632
615 31640
616 31664
617 31675
618 31686
619 31699
620 31742
621 31753
622 31787
623 31800
624 31819
625 31859
626 31878
627 31890
628 31916
629 31933
630 31943
631 31954
632 31967
633 31988
634 32001
635 32015
636 32031
637 32074
638 32093
639 32162
640 32172
641 32186
642 32203
643 32223
644 32232
645 32241
646 32251
647 32276
648 32318
649 32333
650 32349
651 32375
652 32387
653 32400
654 32457
655 32467
656 32491
657 32536
658 32549
659 32562
660 32584
661 32595
662 32607
663 32619
664 32707
665 32718
666 32728
667 32769
668 32781
669 32789
670 32800
671 32813
672 32823
673 32834
674 32846
675 32855
676 32867
677 32879
678 32891
679 32902
680 32913
681 32941
682 32951
683 32962
684 32974
685 32986
686 32997
687 33013
688 33068
689 33083
690 33092
691 33119
692 33128
693 33139
694 33163
695 33184
696 33195
697 33206
698 33214
699 33228
700 33237
701 33280
702 33340
703 33355
704 33367
705 33381
706 33409
707 33422
708 33435
709 33447
710 33477
711 33490
712 33519
713 33534
714 33545
715 33558
716 33571
717 33584
718 33597
719 33611
720 33623
721 33645
722 33676
723 33689
724 33712
725 33728
726 33744
727 33771
728 33799
729 33811
730 33820
731 33831
732 33846
733 33867
734 33915
735 33937
736 33952
737 33961
738 33983
739 33999
740 34020
741 34049
742 34065
743 34078
744 34093
745 34113
746 34135
747 34143
748 34152
749 34163
750 34176
751 34183
752 34203
753 34217
754 34229
755 34236
756 34245
757 34333
758 34340
759 34350
760 34359
761 34404
762 34425
763 34446
764 34456
765 34471
766 34487
767 34500
768 34517
769 34528
770 34544
771 34553
772 34566
773 34582
774 34619
775 34637
776 34651
777 34666
778 34679
779 34716
780 34732
781 34773
782 34789
783 34802
784 34818
785 34868
786 34892
787 34919
788 34939
789 34951
790 34967
791 34979
792 35001
793 35018
794 35031
795 35062
796 35075
797 35086
798 35097
799 35107
800 35122
801 35137
802 35146
803 35155
804 35188
805 35201
806 35226
807 35236
808 35254
809 35265
810 35276
811 35285
812 35298
813 35308
814 35317
815 35325
816 35334
817 35342
818 35354
819 35364
820 35373
821 35381
822 35436
823 35465
824 35475
825 35490
826 35507
827 35519
828 35529
829 35543
830 35555
831 35569
832 35580
833 35602
834 35635
835 35656
836 35689
837 35704
838 35721
839 35730
840 35753
841 35761
842 35783
843 35796
844 35889
845 35917
846 35933
847 35942
848 35950
849 36007
850 36019
851 36033
852 36044
853 36055
854 36083
855 36096
856 36112
857 36138
858 36149
859 36160
860 36168
861 36181
862 36197
863 36205
864 36231
865 36241
866 36249
867 36261
868 36268
869 36284
870 36293
871 36303
872 36315
873 36323
874 36350
875 36359
876 36371
877 36380
878 36391
879 36400
880 36409
881 36422
882 36437
883 36454
884 36464
885 36473
886 36487
887 36500
888 36518
889 36549
890 36560
891 36571
892 36584
893 36593
894 36619
895 36647
896 36658
897 36669
898 36680
899 36688
900 36722
901 36733
902 36746
903 36757
904 36766
905 36791
906 36806
907 36817
908 36825
909 36835
910 36851
911 36860
912 36900
913 36922
914 36942
915 36953
916 36965
917 36977
918 37006
919 37019
920 37025
921 37041
922 37048
923 37057
924 37070
925 37077
926 37082
927 37094
928 37101
929 37111
930 37124
931 37138
932 37148
933 37157
934 37167
935 37192
936 37203
937 37211
938 37218
939 37228
940 37241
941 37255
942 37267
943 37280
944 37303
945 37327
946 37336
947 37346
948 37355
949 37364
950 37385
951 37396
952 37406
953 37416
954 37444
955 37453
956 37467
957 37488
958 37496
959 37507
960 37519
961 37530
962 37546
963 37553
964 37574
965 37583
966 37592
967 37603
968 37614
969 37622
970 37630
971 37658
972 37678
973 37697
974 37707
975 37715
976 37724
977 37743
978 37761
979 37773
980 37783
981 37796
982 37803
983 37813
984 37823
985 37833
986 37843
987 37868
988 37887
989 37906
990 37916
991 37929
992 37940
993 37947
994 37957
995 37971
996 37981
997 38024
998 38039
999 38048
1000 38059
1001 38071
1002 38082
1003 38096
1004 38106
1005 38119
1006 38129
1007 38142
1008 38158
1009 38165
1010 38172
1011 38181
1012 38208
1013 38216
1014 38227
1015 38256
1016 38272
1017 38282
1018 38296
1019 38306
1020 38319
1021 38328
1022 38360
1023 38384
1024 38395
1025 38405
1026 38415
1027 38432
1028 38458
1029 38477
1030 38492
1031 38518
1032 38531
1033 38539
1034 38556
1035 38565
1036 38579
1037 38592
1038 38606
1039 38618
1040 38647
1041 38692
1042 38704
1043 38716
1044 38729
1045 38737
1046 38749
1047 38759
1048 38786
1049 38801
1050 38818
1051 38846
1052 38855
1053 38863
1054 38872
1055 38898
1056 38909
1057 38924
1058 38934
1059 38940
1060 38948
1061 38969
1062 38991
1063 39012
1064 39020
1065 39028
1066 39036
1067 39050
1068 39085
1069 39097
1070 39109
1071 39118
1072 39130
1073 39139
1074 39150
1075 39173
1076 39185
1077 39195
1078 39217
1079 39229
1080 39249
1081 39263
1082 39271
1083 39300
1084 39317
1085 39373
1086 39387
1087 39396
1088 39406
1089 39417
1090 39427
1091 39442
1092 39451
1093 39459
1094 39474
1095 39488
1096 39501
1097 39511
1098 39530
1099 39544
1100 39565
1101 39594
1102 39606
1103 39618
1104 39629
1105 39637
1106 39648
1107 39658
1108 39675
1109 39725
1110 39742
1111 39832
1112 39869
1113 39883
1114 39895
1115 39926
1116 39960
1117 39971
1118 40034
1119 40091
1120 40101
1121 40122
1122 40159
1123 40174
1124 40210
1125 40224
1126 40240
1127 40255
1128 40283
1129 40300
1130 40315
1131 40327
1132 40341
1133 40358
1134 40379
1135 40389
1136 40401
1137 40413
1138 40433
1139 40446
1140 40495
1141 40506
1142 40516
1143 40527
1144 40563
1145 40586
1146 40607
1147 40619
1148 40631
1149 40644
1150 40653
1151 40664
1152 40696
1153 40708
1154 40722
1155 40765
1156 40781
1157 40792
1158 40800
1159 40810
1160 40830
1161 40853
1162 40866
1163 40876
1164 40884
1165 40895
1166 40911
1167 40940
1168 40950
1169 40962
1170 40973
1171 40994
1172 41003
1173 41023
1174 41031
1175 41042
1176 41055
1177 41114
1178 41128
1179 41181
1180 41194
1181 41220
1182 41232
1183 41245
1184 41275
1185 41291
1186 41301
1187 41314
1188 41335
1189 41343
1190 41351
1191 41411
1192 41454
1193 41503
1194 41515
1195 41528
1196 41569
1197 41581
1198 41598
1199 41612
1200 41622
1201 41671
1202 41733
1203 41748
1204 41761
1205 41778
1206 41839
1207 41852
1208 41864
1209 41880
1210 41891
1211 41924
1212 41937
1213 41949
1214 41962
1215 41975
1216 41984
1217 41998
1218 42013
1219 42025
1220 42042
1221 42084
1222 42104
1223 42121
1224 42144
1225 42195
1226 42208
1227 42220
1228 42272
1229 42287
1230 42301
1231 42329
1232 42346
1233 42405
1234 42451
1235 42464
1236 42476
1237 42511
1238 42526
1239 42542
1240 42556
1241 42567
1242 42605
1243 42617
1244 42656
1245 42675
1246 42686
1247 42700
1248 42711
1249 42735
1250 42765
1251 42807
1252 42819
1253 42859
1254 42876
1255 42892
1256 42903
1257 42958
1258 42975
1259 43007
1260 43033
1261 43046
1262 43059
1263 43081
1264 43093
1265 43169
1266 43197
1267 43254
1268 43269
1269 43284
1270 43299
1271 43312
1272 43324
1273 43337
1274 43390
1275 43444
1276 43457
1277 43468
1278 43543
1279 43555
1280 43566
1281 43647
1282 43661
1283 43679
1284 43700
1285 43714
1286 43729
1287 43802
1288 43824
1289 43837
1290 43845
1291 43854
1292 43877
1293 43923
1294 43945
1295 43964
1296 43996
1297 44009
1298 44030
1299 44045
1300 44137
1301 44161
1302 44202
1303 44213
1304 44223
1305 44270
1306 44281
1307 44308
1308 44335
1309 44418
1310 44452
1311 44480
1312 44523
1313 44555
1314 44573
1315 44602
1316 44688
1317 44745
1318 44767
1319 44780
1320 44794
1321 44810
1322 44825
1323 44867
1324 44880
1325 44901
1326 44913
1327 44940
1328 44952
1329 45013
1330 45035
1331 45089
1332 45131
1333 45182
1334 45203
1335 45221
1336 45234
1337 45287
1338 45321
1339 45380
1340 45406
1341 45435
1342 45444
1343 45453
1344 45488
1345 45515
1346 45557
1347 45571
1348 45586
1349 45637
1350 45653
1351 45725
1352 45739
1353 45753
1354 45767
1355 45794
1356 45811
1357 45865
1358 45906
1359 45943
1360 45973
1361 45990
1362 46044
1363 46067
1364 46178
1365 46214
1366 46249
1367 46271
1368 46296
1369 46344
1370 46377
1371 46392
1372 46404
1373 46465
1374 46502
1375 46530
1376 46540
1377 46555
1378 46566
1379 46622
1380 46637
1381 46652
1382 46663
1383 46676
1384 46691
1385 46728
1386 46785
1387 46813
1388 46826
1389 46845
1390 46867
1391 46885
1392 46901
1393 46913
1394 46957
1395 46983
1396 46999
1397 47012
1398 47055
1399 47080
1400 47125
1401 47158
1402 47204
1403 47229
1404 47257
1405 47277
1406 47287
1407 47301
1408 47316
1409 47353
1410 47375
1411 47392
1412 47416
1413 47448
1414 47467
1415 47488
1416 47499
1417 47511
1418 47524
1419 47536
1420 47558
1421 47573
1422 47589
1423 47600
1424 47617
1425 47647
1426 47658
1427 47670
1428 47681
1429 47693
1430 47705
1431 47713
1432 47722
1433 47735
1434 47746
1435 47757
1436 47794
1437 47805
1438 47816
1439 47829
1440 47840
1441 47874
1442 47892
1443 47911
1444 47929
1445 47941
1446 47955
1447 47980
1448 48002
1449 48014
1450 48023
1451 48035
1452 48048
1453 48060
1454 48071
1455 48098
1456 48113
1457 48123
1458 48133
1459 48165
1460 48179
1461 48199
1462 48224
1463 48235
1464 48246
1465 48258
1466 48267
1467 48279
1468 48292
1469 48305
1470 48318
1471 48333
1472 48345
1473 48356
1474 48387
1475 48398
1476 48407
1477 48418
1478 48445
1479 48463
1480 48475
1481 48489
1482 48500
1483 48512
1484 48526
1485 48546
1486 48560
1487 48576
1488 48592
1489 48611
1490 48628
1491 48641
1492 48654
1493 48699
1494 48712
1495 48725
1496 48766
1497 48782
1498 48801
1499 48814
1500 48827
1501 48841
1502 48914
1503 48927
1504 48969
1505 48981
1506 48995
1507 49053
1508 49074
1509 49146
1510 49164
1511 49186
1512 49199
1513 49215
1514 49236
1515 49252
1516 49269
1517 49283
1518 49300
1519 49319
1520 49335
1521 49389
1522 49502
1523 49515
1524 49525
1525 49540
1526 49556
1527 49627
1528 49660
1529 49734
1530 49762
1531 49795
1532 49807
1533 49820
1534 49873
1535 49898
1536 49911
1537 49921
1538 49935
1539 49950
1540 49962
1541 49973
1542 49984
1543 50049
1544 50123
1545 50135
1546 50148
1547 50204
1548 50229
1549 50322
1550 50338
1551 50401
1552 50428
1553 50437
1554 50472
1555 50495
1556 50540
1557 50565
1558 50615
1559 50635
1560 50682
1561 50704
1562 50798
1563 50835
1564 50908
1565 50937
1566 50954
1567 50982
1568 50995
1569 51008
1570 51072
1571 51087
1572 51102
1573 51126
1574 51183
1575 51199
1576 51235
1577 51252
1578 51267
1579 51279
1580 51318
1581 51333
1582 51351
1583 51368
1584 51383
1585 51461
1586 51477
1587 51496
1588 51513
1589 51526
1590 51538
1591 51552
1592 51561
1593 51575
1594 51584
1595 51596
1596 51622
1597 51634
1598 51653
1599 51672
1600 51683
1601 51699
1602 51781
1603 51819
1604 51844
1605 51859
1606 51871
1607 51886
1608 51900
1609 51911
1610 51924
1611 51938
1612 51954
1613 51966
1614 51977
1615 52004
1616 52017
1617 52030
1618 52086
1619 52101
1620 52149
1621 52182
1622 52194
1623 52208
1624 52289
1625 52304
1626 52354
1627 52367
1628 52385
1629 52399
1630 52471
1631 52483
1632 52504
1633 52570
1634 52626
1635 52650
1636 52705
1637 52718
1638 52733
1639 52755
1640 52767
1641 52779
1642 52821
1643 52833
1644 52930
1645 52947
1646 52994
1647 53003
1648 53016
1649 53028
1650 53092
1651 53118
1652 53126
1653 53159
1654 53169
1655 53250
1656 53266
1657 53278
1658 53321
1659 53334
1660 53345
1661 53357
1662 53370
1663 53421
1664 53440
1665 53499
1666 53513
1667 53529
1668 53551
1669 53562
1670 53578
1671 53592
1672 53677
1673 53705
1674 53758
1675 53793
1676 53815
1677 53832
1678 53903
1679 53916
1680 53950
1681 53963
1682 53975
1683 53986
1684 54000
1685 54035
1686 54047
1687 54118
1688 54158
1689 54199
1690 54212
1691 54224
1692 54236
1693 54248
1694 54277
1695 54287
1696 54302
1697 54340
1698 54373
1699 54449
1700 54485
1701 54496
1702 54535
1703 54547
1704 54586
1705 54605
1706 54632
1707 54686
1708 54699
1709 54763
1710 54794
1711 54834
1712 54849
1713 54878
1714 54889
1715 54902
1716 54963
1717 54978
1718 55028
1719 55074
1720 55103
1721 55116
1722 55130
1723 55185
1724 55196
1725 55215
1726 55229
1727 55307
1728 55333
1729 55346
1730 55362
1731 55416
1732 55437
1733 55467
1734 55481
1735 55511
1736 55523
1737 55534
1738 55595
1739 55607
1740 55635
1741 55644
1742 55654
1743 55664
1744 55680
1745 55693
1746 55716
1747 55758
1748 55777
1749 55793
1750 55807
1751 55817
1752 55859
1753 55884
1754 55907
1755 55919
1756 55959
1757 55971
1758 55984
1759 55997
1760 56007
1761 56040
1762 56064
1763 56117
1764 56145
1765 56157
1766 56176
1767 56191
1768 56203
1769 56217
1770 56230
1771 56262
1772 56291
1773 56304
1774 56330
1775 56342
1776 56357
1777 56371
1778 56405
1779 56418
1780 56430
1781 56440
1782 56451
1783 56495
1784 56506
1785 56525
1786 56537
1787 56551
1788 56561
1789 56582
1790 56609
1791 56620
1792 56631
1793 56642
1794 56665
1795 56674
1796 56683
1797 56696
1798 56744
1799 56796
1800 56815
1801 56825
1802 56836
1803 56849
1804 56880
1805 56905
1806 56951
1807 56970
1808 57017
1809 57096
1810 57112
1811 57131
1812 57148
1813 57160
1814 57175
1815 57187
1816 57200
1817 57207
1818 57217
1819 57227
1820 57237
1821 57250
1822 57298
1823 57308
1824 57397
1825 57442
1826 57486
1827 57520
1828 57536
1829 57556
1830 57570
1831 57607
1832 57649
1833 57664
1834 57679
1835 57692
1836 57702
1837 57717
1838 57737
1839 57750
1840 57762
1841 57794
1842 57813
1843 57823
1844 57835
1845 57852
1846 57865
1847 57883
1848 57898
1849 57928
1850 57940
1851 57951
1852 57966
1853 57977
1854 57989
1855 58007
1856 58020
1857 58033
1858 58055
1859 58066
1860 58111
1861 58125
1862 58152
1863 58162
1864 58169
1865 58180
1866 58213
1867 58223
1868 58235
1869 58265
1870 58277
1871 58294
1872 58310
1873 58326
1874 58336
1875 58348
1876 58395
1877 58408
1878 58416
1879 58431
1880 58442
1881 58469
1882 58477
1883 58487
1884 58502
1885 58516
1886 58528
1887 58557
1888 58572
1889 58607
1890 58620
1891 58633
1892 58641
1893 58658
1894 58674
1895 58687
1896 58707
1897 58718
1898 58730
1899 58739
1900 58751
1901 58773
1902 58786
1903 58801
1904 58821
1905 58859
1906 58875
1907 58886
1908 58932
1909 58944
1910 58982
1911 58990
1912 59002
1913 59012
1914 59031
1915 59051
1916 59062
1917 59125
1918 59136
1919 59169
1920 59179
1921 59190
1922 59244
1923 59254
1924 59266
1925 59291
1926 59302
1927 59312
1928 59338
1929 59352
1930 59360
1931 59381
1932 59390
1933 59398
1934 59423
1935 59433
1936 59443
1937 59454
1938 59467
1939 59475
1940 59502
1941 59512
1942 59562
1943 59572
1944 59581
1945 59592
1946 59599
1947 59618
1948 59631
1949 59641
1950 59653
1951 59662
1952 59672
1953 59683
1954 59692
1955 59703
1956 59719
1957 59732
1958 59777
1959 59820
1960 59829
1961 59840
1962 59850
1963 59859
1964 59870
1965 59883
1966 59894
1967 59902
1968 59931
1969 59945
1970 59968
1971 59977
1972 59986
1973 60017
1974 60026
1975 60062
1976 60072
1977 60154
1978 60172
1979 60204
1980 60216
1981 60244
1982 60263
1983 60275
1984 60288
1985 60352
1986 60364
1987 60374
1988 60399
1989 60413
1990 60435
1991 60458
1992 60469
1993 60480
1994 60504
1995 60532
1996 60555
1997 60566
1998 60575
1999 60600
2000 60614
2001 60637
2002 60648
2003 60658
2004 60687
2005 60698
2006 60711
2007 60718
2008 60746
2009 60758
2010 60780
2011 60788
2012 60798
2013 60807
2014 60819
2015 60831
2016 60858
2017 60871
2018 60881
2019 60888
2020 60899
2021 60928
2022 60956
2023 60964
2024 60972
2025 60982
2026 61033
2027 61045
2028 61078
2029 61087
2030 61095
2031 61105
2032 61116
2033 61146
2034 61160
2035 61209
2036 61228
2037 61239
2038 61256
2039 61304
2040 61315
2041 61342
2042 61356
2043 61366
2044 61393
2045 61408
2046 61433
2047 61475
2048 61486
2049 61497
2050 61524
2051 61545
2052 61558
2053 61586
2054 61601
2055 61610
2056 61638
2057 61645
2058 61669
2059 61680
2060 61704
2061 61714
2062 61727
2063 61736
2064 61758
2065 61768
2066 61796
2067 61807
2068 61813
2069 61822
2070 61831
2071 61867
2072 61883
2073 61920
2074 61930
2075 61964
2076 61975
2077 61986
2078 62029
2079 62056
2080 62064
2081 62073
2082 62081
2083 62113
2084 62142
2085 62164
2086 62175
2087 62240
2088 62251
2089 62262
2090 62271
2091 62344
2092 62364
2093 62385
2094 62395
2095 62437
2096 62451
2097 62470
2098 62482
2099 62519
2100 62532
2101 62581
2102 62591
2103 62658
2104 62680
2105 62705
2106 62733
2107 62751
2108 62764
2109 62773
2110 62785
2111 62793
2112 62811
2113 62822
2114 62841
2115 62853
2116 62867
2117 62940
2118 62956
2119 62967
2120 62983
2121 63049
2122 63068
2123 63125
2124 63141
2125 63155
2126 63207
2127 63277
2128 63327
2129 63350
2130 63401
2131 63413
2132 63422
2133 63432
2134 63467
2135 63478
2136 63511
2137 63524
2138 63544
2139 63555
2140 63606
2141 63617
2142 63642
2143 63651
2144 63707
2145 63720
2146 63756
2147 63770
2148 63800
2149 63813
2150 63825
2151 63863
2152 63886
2153 63949
2154 63976
2155 64072
2156 64092
2157 64108
2158 64196
2159 64209
2160 64251
2161 64262
2162 64274
2163 64304
2164 64363
2165 64503
2166 64606
2167 64635
2168 64664
2169 64765
2170 64787
2171 64854
2172 64874
2173 64952
2174 64974
2175 65074
2176 65147
2177 65160
2178 65173
2179 65202
2180 65316
2181 65469
2182 65540
2183 65571
2184 65633
2185 65708
2186 65745
2187 65772
2188 65790
2189 65802
2190 65813
2191 65826
2192 65878
2193 65894
2194 65909
2195 65923
2196 65953
2197 66001
2198 66048
2199 66064
2200 66083
2201 66113
2202 66130
2203 66189
2204 66251
2205 66344
2206 66413
2207 66452
2208 66562
2209 66645
2210 66665
2211 66698
2212 66718
2213 66741
2214 66753
2215 66791
2216 66825
2217 66836
2218 66870
2219 66883
2220 66894
2221 66903
2222 66919
2223 66935
2224 66953
2225 66974
2226 66985
2227 67009
2228 67041
2229 67060
2230 67075
2231 67110
2232 67126
2233 67141
2234 67168
2235 67181
2236 67193
2237 67265
2238 67339
2239 67367
2240 67388
2241 67449
2242 67469
2243 67510
2244 67523
2245 67578
2246 67593
2247 67651
2248 67664
2249 67689
2250 67706
2251 67748
2252 67809
2253 67832
2254 67852
2255 67907
2256 67920
2257 67936
2258 67957
2259 67986
2260 67999
2261 68042
2262 68057
2263 68070
2264 68101
2265 68161
2266 68199
2267 68225
2268 68242
2269 68261
2270 68884
2271 69503
2272 69935
2273 69965
2274 70058
2275 70165
2276 70723
2277 70810
2278 70904
2279 71113
2280 71292
2281 71336
2282 71352
2283 71367
2284 71399
2285 71413
2286 71428
2287 71557
2288 72969
2289 73482
2290 73893
2291 75121
2292 79735
2293 80947
2294 82895
2295 83347
2296 84427
2297 84614
2298 86622
2299 89423
2300 89529
2301 90354
2302 90477
2303 98143
2304 105674
2305 107664
2306 107895
2307 108050
2308 108313
2309 108601
2310 108886
2311 109509
2312 109743
2313 109744
2314 109749
2315 110200
2316 111098
2317 111541
2318 111557
2319 112134
2320 112542
2321 112798
2322 112974
2323 113070
2324 113266
2325 113275
2326 113311
2327 113319
2328 113328
2329 113334
2330 113344
2331 113351
2332 113359
2333 113419
2334 113433
2335 113444
2336 113458
2337 113466
2338 113476
2339 113490
2340 113500
2341 113542
2342 113554
2343 113565
2344 113579
2345 113589
2346 113598
2347 113611
2348 113622
2349 113632
2350 113640
2351 113754
2352 113768
2353 113779
2354 113792
2355 113811
2356 113820
2357 113834
2358 113845
2359 113855
2360 113867
2361 113877
2362 113891
2363 113904
2364 113920
2365 113932
2366 113941
2367 114007
2368 114016
2369 114061
2370 114070
2371 114088
2372 114106
2373 114113
2374 114123
2375 114134
2376 114148
2377 114159
2378 114167
2379 114176
2380 114184
2381 114195
2382 114204
2383 114211
2384 114221
2385 114284
2386 114296
2387 114304
2388 114314
2389 114324
2390 114340
2391 114351
2392 114378
2393 114409
2394 114419
2395 114463
2396 114472
2397 114481
2398 114489
2399 114505
2400 114516
2401 114528
2402 114538
2403 114586
2404 114596
2405 114645
2406 114662
2407 114710
2408 114737
2409 114756
2410 114796
2411 114807
2412 114820
2413 114836
2414 114847
2415 114858
2416 114870
2417 114882
2418 114896
2419 114906
2420 114919
2421 114930
2422 114938
2423 114950
2424 114980
2425 116233
2426 119307
2427 119459
2428 119623
2429 119627
2430 119865
2431 120229
2432 120997
2433 121268
2434 122190
2435 122453
2436 122613
2437 123085
2438 124575
2439 124589
2440 124599
2441 124611
2442 124620
2443 124631
2444 124645
2445 124656
2446 124667
2447 124675
2448 124683
2449 124723
2450 124733
2451 124741
2452 124752
2453 124769
2454 124826
2455 124838
2456 124850
2457 124863
2458 124909
2459 124921
